544 767 284 501 555 879 715 619 829 919 159 926 477 714 432 508 78 576 144 285 105 772 314 932 60 548 68 247 771 112 791 770 396 524 325 240 944 337 391 335 263 100 49 927 608 127 504 752 645 841 525 191 773 817 699 322 885 178 229 969 327 626 725 884 133 965 702 588 688 446 125 297 805 861 682 806 873 708 856 804 262 973 982 819 203 183 146 909 30 426 529 628 594 288 962 616 775 507 222

44

926 477 714 432 508 78 576 144 285 105 772 314 932 60 548 68 247 771 112 791 770 396 524 325 240 944 337 391 335 263 100 49 927 608 127 504 752 645 841 525 191 773 817 699 322 885 178 229 969 327 626 725 884 133 965 702 588 688 446 125 297 805 861 682 806 873 708 856 804 262 973 982 819 203 183 146 909 30 426 529 628 594 288 962 616 775 507 222 544 767 284 501 555 879 715 619 829 919

159 44

576 144 285 105 772 314 932 60 548 68 247 771 112 791 770 396 524 325 240 944 337 391 335 263 100 49 927 608 127 504 752 645 841 525 191 773 817 699 322 885 178 229 969 327 626 725 884 133 965 702 588 688 446 125 297 805 861 682 806 873 708 856 804 262 973 982 819 203 183 146 909 30 426 529 628 594 288 962 616 775 507 222 544 767 284 501 555 879 715 619 829 919 926 477 714 432 508

78 44 159

285 105 772 314 932 60 548 68 247 771 112 791 770 396 524 325 240 944 337 391 335 263 100 49 927 608 127 504 752 645 841 525 191 773 817 699 322 885 178 229 969 327 626 725 884 133 965 702 588 688 446 125 297 805 861 682 806 873 708 856 804 262 973 982 819 203 183 146 909 30 426 529 628 594 288 962 616 775 507 222 544 767 284 501 555 879 715 619 829 919 926 477 714 432 508

144 78 44 576 159

772 314 932 60 548 68 247 771 112 791 770 396 524 325 240 944 337 391 335 263 100 49 927 608 127 504 752 645 841 525 191 773 817 699 322 885 178 229 969 327 626 725 884 133 965 702 588 688 446 125 297 805 861 682 806 873 708 856 804 262 973 982 819 203 183 146 909 30 426 529 628 594 288 962 616 775 507 222 544 767 284 501 555 879 715 619 829 919 926 477 714 432 508

105 78 44 576 285 159 144

548 68 247 771 112 791 770 396 524 325 240 944 337 391 335 263 100 49 927 608 127 504 752 645 841 525 191 773 817 699 322 885 178 229 969 327 626 725 884 133 965 702 588 688 446 125 297 805 861 682 806 873 708 856 804 262 973 982 819 203 183 146 909 30 426 529 628 594 288 962 616 775 507 222 544 767 284 501 555 879 715 619 829 919 926 477 714 432 508 772 314 932

60 44 576 285 159 144 105 78

247 771 112 791 770 396 524 325 240 944 337 391 335 263 100 49 927 608 127 504 752 645 841 525 191 773 817 699 322 885 178 229 969 327 626 725 884 133 965 702 588 688 446 125 297 805 861 682 806 873 708 856 804 262 973 982 819 203 183 146 909 30 426 529 628 594 288 962 616 775 507 222 544 767 284 501 555 879 715 619 829 919 926 477 714 432 508 772 314 932

68 60 44 576 548 285 159 144 105 78

rr
rr
791 770 396 524 325 240 944 337 391 335 263 100 49 927 608 127 504 752 645 841 525 191 773 817 699 322 885 178 229 969 327 626 725 884 133 965 702 588 688 446 125 297 805 861 682 806 873 708 856 804 262 973 982 819 203 183 146 909 30 426 529 628 594 288 962 616 775 507 222 544 767 284 501 555 879 715 619 829 919 926 477 714 432 508 772 314 932 247 771

112 105 78 68 60 44 576 548 285 159 144

49 927 608 127 504 752 645 841 525 191 773 817 699 322 885 178 229 969 327 626 725 884 133 965 702 588 688 446 125 297 805 861 682 806 873 708 856 804 262 973 982 819 203 183 146 909 30 426 529 628 594 288 962 616 775 507 222 544 767 284 501 555 879 715 619 829 919 926 477 714 432 508 772 314 932 247 771 791 770 396 524 325 240 944 337 391 335 263

100 78 68 60 44 576 548 285 159 144 112 105

927 608 127 504 752 645 841 525 191 773 817 699 322 885 178 229 969 327 626 725 884 133 965 702 588 688 446 125 297 805 861 682 806 873 708 856 804 262 973 982 819 203 183 146 909 30 426 529 628 594 288 962 616 775 507 222 544 767 284 501 555 879 715 619 829 919 926 477 714 432 508 772 314 932 247 771 791 770 396 524 325 240 944 337 391 335 263

49 44 576 548 285 159 144 112 105 100 78 68 60

rr
rr
504 752 645 841 525 191 773 817 699 322 885 178 229 969 327 626 725 884 133 965 702 588 688 446 125 297 805 861 682 806 873 708 856 804 262 973 982 819 203 183 146 909 30 426 529 628 594 288 962 616 775 507 222 544 767 284 501 555 879 715 619 829 919 926 477 714 432 508 772 314 932 247 771 791 770 396 524 325 240 944 337 391 335 263 927 608

127 112 105 100 78 68 60 49 44 576 548 285 159 144

965 702 588 688 446 125 297 805 861 682 806 873 708 856 804 262 973 982 819 203 183 146 909 30 426 529 628 594 288 962 616 775 507 222 544 767 284 501 555 879 715 619 829 919 926 477 714 432 508 772 314 932 247 771 791 770 396 524 325 240 944 337 391 335 263 927 608 504 752 645 841 525 191 773 817 699 322 885 178 229 969 327 626 725 884

133 127 112 105 100 78 68 60 49 44 576 548 285 159 144

297 805 861 682 806 873 708 856 804 262 973 982 819 203 183 146 909 30 426 529 628 594 288 962 616 775 507 222 544 767 284 501 555 879 715 619 829 919 926 477 714 432 508 772 314 932 247 771 791 770 396 524 325 240 944 337 391 335 263 927 608 504 752 645 841 525 191 773 817 699 322 885 178 229 969 327 626 725 884 965 702 588 688 446

125 112 105 100 78 68 60 49 44 576 548 285 159 144 133 127

973 982 819 203 183 146 909 30 426 529 628 594 288 962 616 775 507 222 544 767 284 501 555 879 715 619 829 919 926 477 714 432 508 772 314 932 247 771 791 770 396 524 325 240 944 337 391 335 263 927 608 504 752 645 841 525 191 773 817 699 322 885 178 229 969 327 626 725 884 965 702 588 688 446 297 805 861 682 806 873 708 856 804

262 159 144 133 127 125 112 105 100 78 68 60 49 44 576 548 285

183 146 909 30 426 529 628 594 288 962 616 775 507 222 544 767 284 501 555 879 715 619 829 919 926 477 714 432 508 772 314 932 247 771 791 770 396 524 325 240 944 337 391 335 263 927 608 504 752 645 841 525 191 773 817 699 322 885 178 229 969 327 626 725 884 965 702 588 688 446 297 805 861 682 806 873 708 856 804 973 982 819

203 159 144 133 127 125 112 105 100 78 68 60 49 44 576 548 285 262

146 909 30 426 529 628 594 288 962 616 775 507 222 544 767 284 501 555 879 715 619 829 919 926 477 714 432 508 772 314 932 247 771 791 770 396 524 325 240 944 337 391 335 263 927 608 504 752 645 841 525 191 773 817 699 322 885 178 229 969 327 626 725 884 965 702 588 688 446 297 805 861 682 806 873 708 856 804 973 982 819

183 159 144 133 127 125 112 105 100 78 68 60 49 44 576 548 285 262 203

909 30 426 529 628 594 288 962 616 775 507 222 544 767 284 501 555 879 715 619 829 919 926 477 714 432 508 772 314 932 247 771 791 770 396 524 325 240 944 337 391 335 263 927 608 504 752 645 841 525 191 773 817 699 322 885 178 229 969 327 626 725 884 965 702 588 688 446 297 805 861 682 806 873 708 856 804 973 982 819

146 144 133 127 125 112 105 100 78 68 60 49 44 576 548 285 262 203 183 159

426 529 628 594 288 962 616 775 507 222 544 767 284 501 555 879 715 619 829 919 926 477 714 432 508 772 314 932 247 771 791 770 396 524 325 240 944 337 391 335 263 927 608 504 752 645 841 525 191 773 817 699 322 885 178 229 969 327 626 725 884 965 702 588 688 446 297 805 861 682 806 873 708 856 804 973 982 819

30 909 576 548 285 262 203 183 159 146 144 133 127 125 112 105 100 78 68 60 49 44

rr
rr
rr
rr
962 616 775 507 222 544 767 284 501 555 879 715 619 829 919 926 477 714 432 508 772 314 932 247 771 791 770 396 524 325 240 944 337 391 335 263 927 608 504 752 645 841 525 191 773 817 699 322 885 178 229 969 327 626 725 884 965 702 588 688 446 297 805 861 682 806 873 708 856 804 973 982 819 426 529 628 594

288 285 262 203 183 159 146 144 133 127 125 112 105 100 78 68 60 49 44 30 909 576 548

544 767 284 501 555 879 715 619 829 919 926 477 714 432 508 772 314 932 247 771 791 770 396 524 325 240 944 337 391 335 263 927 608 504 752 645 841 525 191 773 817 699 322 885 178 229 969 327 626 725 884 965 702 588 688 446 297 805 861 682 806 873 708 856 804 973 982 819 426 529 628 594 962 616 775 507

222 203 183 159 146 144 133 127 125 112 105 100 78 68 60 49 44 30 909 576 548 288 285 262

501 555 879 715 619 829 919 926 477 714 432 508 772 314 932 247 771 791 770 396 524 325 240 944 337 391 335 263 927 608 504 752 645 841 525 191 773 817 699 322 885 178 229 969 327 626 725 884 965 702 588 688 446 297 805 861 682 806 873 708 856 804 973 982 819 426 529 628 594 962 616 775 507 544 767

284 262 222 203 183 159 146 144 133 127 125 112 105 100 78 68 60 49 44 30 909 576 548 288 285

771 791 770 396 524 325 240 944 337 391 335 263 927 608 504 752 645 841 525 191 773 817 699 322 885 178 229 969 327 626 725 884 965 702 588 688 446 297 805 861 682 806 873 708 856 804 973 982 819 426 529 628 594 962 616 775 507 544 767 501 555 879 715 619 829 919 926 477 714 432 508 772 314 932

247 222 203 183 159 146 144 133 127 125 112 105 100 78 68 60 49 44 30 909 576 548 288 285 284 262

944 337 391 335 263 927 608 504 752 645 841 525 191 773 817 699 322 885 178 229 969 327 626 725 884 965 702 588 688 446 297 805 861 682 806 873 708 856 804 973 982 819 426 529 628 594 962 616 775 507 544 767 501 555 879 715 619 829 919 926 477 714 432 508 772 314 932 771 791 770 396 524 325

240 222 203 183 159 146 144 133 127 125 112 105 100 78 68 60 49 44 30 909 576 548 288 285 284 262 247

927 608 504 752 645 841 525 191 773 817 699 322 885 178 229 969 327 626 725 884 965 702 588 688 446 297 805 861 682 806 873 708 856 804 973 982 819 426 529 628 594 962 616 775 507 544 767 501 555 879 715 619 829 919 926 477 714 432 508 772 314 932 771 791 770 396 524 325 944 337 391 335

263 262 247 240 222 203 183 159 146 144 133 127 125 112 105 100 78 68 60 49 44 30 909 576 548 288 285 284

773 817 699 322 885 178 229 969 327 626 725 884 965 702 588 688 446 297 805 861 682 806 873 708 856 804 973 982 819 426 529 628 594 962 616 775 507 544 767 501 555 879 715 619 829 919 926 477 714 432 508 772 314 932 771 791 770 396 524 325 944 337 391 335 927 608 504 752 645 841 525

191 183 159 146 144 133 127 125 112 105 100 78 68 60 49 44 30 909 576 548 288 285 284 263 262 247 240 222 203

229 969 327 626 725 884 965 702 588 688 446 297 805 861 682 806 873 708 856 804 973 982 819 426 529 628 594 962 616 775 507 544 767 501 555 879 715 619 829 919 926 477 714 432 508 772 314 932 771 791 770 396 524 325 944 337 391 335 927 608 504 752 645 841 525 773 817 699 322 885

178 159 146 144 133 127 125 112 105 100 78 68 60 49 44 30 909 576 548 288 285 284 263 262 247 240 222 203 191 183

969 327 626 725 884 965 702 588 688 446 297 805 861 682 806 873 708 856 804 973 982 819 426 529 628 594 962 616 775 507 544 767 501 555 879 715 619 829 919 926 477 714 432 508 772 314 932 771 791 770 396 524 325 944 337 391 335 927 608 504 752 645 841 525 773 817 699 322 885

229 222 203 191 183 178 159 146 144 133 127 125 112 105 100 78 68 60 49 44 30 909 576 548 288 285 284 263 262 247 240

626 725 884 965 702 588 688 446 297 805 861 682 806 873 708 856 804 973 982 819 426 529 628 594 962 616 775 507 544 767 501 555 879 715 619 829 919 926 477 714 432 508 772 314 932 771 791 770 396 524 325 944 337 391 335 927 608 504 752 645 841 525 773 817 699 322 885

327 288 285 284 263 262 247 240 229 222 203 191 183 178 159 146 144 133 127 125 112 105 100 78 68 60 49 44 30 969 909 576 548

297 805 861 682 806 873 708 856 804 973 982 819 426 529 628 594 962 616 775 507 544 767 501 555 879 715 619 829 919 926 477 714 432 508 772 314 932 771 791 770 396 524 325 944 337 391 335 927 608 504 752 645 841 525 773 817 699 322 885 626 725 884 965 702 588 688

446 327 288 285 284 263 262 247 240 229 222 203 191 183 178 159 146 144 133 127 125 112 105 100 78 68 60 49 44 30 969 909 576 548

805 861 682 806 873 708 856 804 973 982 819 426 529 628 594 962 616 775 507 544 767 501 555 879 715 619 829 919 926 477 714 432 508 772 314 932 771 791 770 396 524 325 944 337 391 335 927 608 504 752 645 841 525 773 817 699 322 885 626 725 884 965 702 588 688

297 288 285 284 263 262 247 240 229 222 203 191 183 178 159 146 144 133 127 125 112 105 100 78 68 60 49 44 30 969 909 576 548 446 327

529 628 594 962 616 775 507 544 767 501 555 879 715 619 829 919 926 477 714 432 508 772 314 932 771 791 770 396 524 325 944 337 391 335 927 608 504 752 645 841 525 773 817 699 322 885 626 725 884 965 702 588 688 805 861 682 806 873 708 856 804 973 982 819

426 327 297 288 285 284 263 262 247 240 229 222 203 191 183 178 159 146 144 133 127 125 112 105 100 78 68 60 49 44 30 969 909 576 548 446

555 879 715 619 829 919 926 477 714 432 508 772 314 932 771 791 770 396 524 325 944 337 391 335 927 608 504 752 645 841 525 773 817 699 322 885 626 725 884 965 702 588 688 805 861 682 806 873 708 856 804 973 982 819 529 628 594 962 616 775 507 544 767

501 446 426 327 297 288 285 284 263 262 247 240 229 222 203 191 183 178 159 146 144 133 127 125 112 105 100 78 68 60 49 44 30 969 909 576 548

714 432 508 772 314 932 771 791 770 396 524 325 944 337 391 335 927 608 504 752 645 841 525 773 817 699 322 885 626 725 884 965 702 588 688 805 861 682 806 873 708 856 804 973 982 819 529 628 594 962 616 775 507 544 767 555 879 715 619 829 919 926

477 446 426 327 297 288 285 284 263 262 247 240 229 222 203 191 183 178 159 146 144 133 127 125 112 105 100 78 68 60 49 44 30 969 909 576 548 501

508 772 314 932 771 791 770 396 524 325 944 337 391 335 927 608 504 752 645 841 525 773 817 699 322 885 626 725 884 965 702 588 688 805 861 682 806 873 708 856 804 973 982 819 529 628 594 962 616 775 507 544 767 555 879 715 619 829 919 926

432 426 327 297 288 285 284 263 262 247 240 229 222 203 191 183 178 159 146 144 133 127 125 112 105 100 78 68 60 49 44 30 969 909 714 576 548 501 477 446

932 771 791 770 396 524 325 944 337 391 335 927 608 504 752 645 841 525 773 817 699 322 885 626 725 884 965 702 588 688 805 861 682 806 873 708 856 804 973 982 819 529 628 594 962 616 775 507 544 767 555 879 715 619 829 919 926 508 772

314 297 288 285 284 263 262 247 240 229 222 203 191 183 178 159 146 144 133 127 125 112 105 100 78 68 60 49 44 30 969 909 714 576 548 501 477 446 432 426 327

524 325 944 337 391 335 927 608 504 752 645 841 525 773 817 699 322 885 626 725 884 965 702 588 688 805 861 682 806 873 708 856 804 973 982 819 529 628 594 962 616 775 507 544 767 555 879 715 619 829 919 926 508 772 932 771 791 770

396 327 314 297 288 285 284 263 262 247 240 229 222 203 191 183 178 159 146 144 133 127 125 112 105 100 78 68 60 49 44 30 969 909 714 576 548 501 477 446 432 426

944 337 391 335 927 608 504 752 645 841 525 773 817 699 322 885 626 725 884 965 702 588 688 805 861 682 806 873 708 856 804 973 982 819 529 628 594 962 616 775 507 544 767 555 879 715 619 829 919 926 508 772 932 771 791 770

325 314 297 288 285 284 263 262 247 240 229 222 203 191 183 178 159 146 144 133 127 125 112 105 100 78 68 60 49 44 30 969 909 714 576 548 524 501 477 446 432 426 396 327

391 335 927 608 504 752 645 841 525 773 817 699 322 885 626 725 884 965 702 588 688 805 861 682 806 873 708 856 804 973 982 819 529 628 594 962 616 775 507 544 767 555 879 715 619 829 919 926 508 772 932 771 791 770

337 327 325 314 297 288 285 284 263 262 247 240 229 222 203 191 183 178 159 146 144 133 127 125 112 105 100 78 68 60 49 44 30 969 944 909 714 576 548 524 501 477 446 432 426 396

335 927 608 504 752 645 841 525 773 817 699 322 885 626 725 884 965 702 588 688 805 861 682 806 873 708 856 804 973 982 819 529 628 594 962 616 775 507 544 767 555 879 715 619 829 919 926 508 772 932 771 791 770

391 337 327 325 314 297 288 285 284 263 262 247 240 229 222 203 191 183 178 159 146 144 133 127 125 112 105 100 78 68 60 49 44 30 969 944 909 714 576 548 524 501 477 446 432 426 396

927 608 504 752 645 841 525 773 817 699 322 885 626 725 884 965 702 588 688 805 861 682 806 873 708 856 804 973 982 819 529 628 594 962 616 775 507 544 767 555 879 715 619 829 919 926 508 772 932 771 791 770

335 327 325 314 297 288 285 284 263 262 247 240 229 222 203 191 183 178 159 146 144 133 127 125 112 105 100 78 68 60 49 44 30 969 944 909 714 576 548 524 501 477 446 432 426 396 391 337

752 645 841 525 773 817 699 322 885 626 725 884 965 702 588 688 805 861 682 806 873 708 856 804 973 982 819 529 628 594 962 616 775 507 544 767 555 879 715 619 829 919 926 508 772 932 771 791 770

504 501 477 446 432 426 396 391 337 335 327 325 314 297 288 285 284 263 262 247 240 229 222 203 191 183 178 159 146 144 133 127 125 112 105 100 78 68 60 49 44 30 969 944 927 909 714 608 576 548 524

773 817 699 322 885 626 725 884 965 702 588 688 805 861 682 806 873 708 856 804 973 982 819 529 628 594 962 616 775 507 544 767 555 879 715 619 829 919 926 508 772 932 771 791 770 752 645 841

525 524 504 501 477 446 432 426 396 391 337 335 327 325 314 297 288 285 284 263 262 247 240 229 222 203 191 183 178 159 146 144 133 127 125 112 105 100 78 68 60 49 44 30 969 944 927 909 714 608 576 548

885 626 725 884 965 702 588 688 805 861 682 806 873 708 856 804 973 982 819 529 628 594 962 616 775 507 544 767 555 879 715 619 829 919 926 508 772 932 771 791 770 752 645 841 773 817 699

322 314 297 288 285 284 263 262 247 240 229 222 203 191 183 178 159 146 144 133 127 125 112 105 100 78 68 60 49 44 30 969 944 927 909 714 608 576 548 525 524 504 501 477 446 432 426 396 391 337 335 327 325

688 805 861 682 806 873 708 856 804 973 982 819 529 628 594 962 616 775 507 544 767 555 879 715 619 829 919 926 508 772 932 771 791 770 752 645 841 773 817 699 885 626 725 884 965 702

588 576 548 525 524 504 501 477 446 432 426 396 391 337 335 327 325 322 314 297 288 285 284 263 262 247 240 229 222 203 191 183 178 159 146 144 133 127 125 112 105 100 78 68 60 49 44 30 969 944 927 909 714 608

628 594 962 616 775 507 544 767 555 879 715 619 829 919 926 508 772 932 771 791 770 752 645 841 773 817 699 885 626 725 884 965 702 688 805 861 682 806 873 708 856 804 973 982 819

529 525 524 504 501 477 446 432 426 396 391 337 335 327 325 322 314 297 288 285 284 263 262 247 240 229 222 203 191 183 178 159 146 144 133 127 125 112 105 100 78 68 60 49 44 30 969 944 927 909 714 608 588 576 548

962 616 775 507 544 767 555 879 715 619 829 919 926 508 772 932 771 791 770 752 645 841 773 817 699 885 626 725 884 965 702 688 805 861 682 806 873 708 856 804 973 982 819

594 588 576 548 529 525 524 504 501 477 446 432 426 396 391 337 335 327 325 322 314 297 288 285 284 263 262 247 240 229 222 203 191 183 178 159 146 144 133 127 125 112 105 100 78 68 60 49 44 30 969 944 927 909 714 628 608

775 507 544 767 555 879 715 619 829 919 926 508 772 932 771 791 770 752 645 841 773 817 699 885 626 725 884 965 702 688 805 861 682 806 873 708 856 804 973 982 819 962

616 608 594 588 576 548 529 525 524 504 501 477 446 432 426 396 391 337 335 327 325 322 314 297 288 285 284 263 262 247 240 229 222 203 191 183 178 159 146 144 133 127 125 112 105 100 78 68 60 49 44 30 969 944 927 909 714 628

544 767 555 879 715 619 829 919 926 508 772 932 771 791 770 752 645 841 773 817 699 885 626 725 884 965 702 688 805 861 682 806 873 708 856 804 973 982 819 962

507 504 501 477 446 432 426 396 391 337 335 327 325 322 314 297 288 285 284 263 262 247 240 229 222 203 191 183 178 159 146 144 133 127 125 112 105 100 78 68 60 49 44 30 969 944 927 909 775 714 628 616 608 594 588 576 548 529 525 524

767 555 879 715 619 829 919 926 508 772 932 771 791 770 752 645 841 773 817 699 885 626 725 884 965 702 688 805 861 682 806 873 708 856 804 973 982 819 962

544 529 525 524 507 504 501 477 446 432 426 396 391 337 335 327 325 322 314 297 288 285 284 263 262 247 240 229 222 203 191 183 178 159 146 144 133 127 125 112 105 100 78 68 60 49 44 30 969 944 927 909 775 714 628 616 608 594 588 576 548

879 715 619 829 919 926 508 772 932 771 791 770 752 645 841 773 817 699 885 626 725 884 965 702 688 805 861 682 806 873 708 856 804 973 982 819 962

555 548 544 529 525 524 507 504 501 477 446 432 426 396 391 337 335 327 325 322 314 297 288 285 284 263 262 247 240 229 222 203 191 183 178 159 146 144 133 127 125 112 105 100 78 68 60 49 44 30 969 944 927 909 775 767 714 628 616 608 594 588 576

619 829 919 926 508 772 932 771 791 770 752 645 841 773 817 699 885 626 725 884 965 702 688 805 861 682 806 873 708 856 804 973 982 819 962

715 714 628 616 608 594 588 576 555 548 544 529 525 524 507 504 501 477 446 432 426 396 391 337 335 327 325 322 314 297 288 285 284 263 262 247 240 229 222 203 191 183 178 159 146 144 133 127 125 112 105 100 78 68 60 49 44 30 969 944 927 909 879 775 767

829 919 926 508 772 932 771 791 770 752 645 841 773 817 699 885 626 725 884 965 702 688 805 861 682 806 873 708 856 804 973 982 819 962

619 616 608 594 588 576 555 548 544 529 525 524 507 504 501 477 446 432 426 396 391 337 335 327 325 322 314 297 288 285 284 263 262 247 240 229 222 203 191 183 178 159 146 144 133 127 125 112 105 100 78 68 60 49 44 30 969 944 927 909 879 775 767 715 714 628

772 932 771 791 770 752 645 841 773 817 699 885 626 725 884 965 702 688 805 861 682 806 873 708 856 804 973 982 819 962 829 919 926

508 507 504 501 477 446 432 426 396 391 337 335 327 325 322 314 297 288 285 284 263 262 247 240 229 222 203 191 183 178 159 146 144 133 127 125 112 105 100 78 68 60 49 44 30 969 944 927 909 879 775 767 715 714 628 619 616 608 594 588 576 555 548 544 529 525 524

841 773 817 699 885 626 725 884 965 702 688 805 861 682 806 873 708 856 804 973 982 819 962 829 919 926 772 932 771 791 770

645 628 619 616 608 594 588 576 555 548 544 529 525 524 508 507 504 501 477 446 432 426 396 391 337 335 327 325 322 314 297 288 285 284 263 262 247 240 229 222 203 191 183 178 159 146 144 133 127 125 112 105 100 78 68 60 49 44 30 969 944 927 909 879 775 767 752 715 714

885 626 725 884 965 702 688 805 861 682 806 873 708 856 804 973 982 819 962 829 919 926 772 932 771 791 770 841 773 817

699 645 628 619 616 608 594 588 576 555 548 544 529 525 524 508 507 504 501 477 446 432 426 396 391 337 335 327 325 322 314 297 288 285 284 263 262 247 240 229 222 203 191 183 178 159 146 144 133 127 125 112 105 100 78 68 60 49 44 30 969 944 927 909 879 775 767 752 715 714

725 884 965 702 688 805 861 682 806 873 708 856 804 973 982 819 962 829 919 926 772 932 771 791 770 841 773 817

626 619 616 608 594 588 576 555 548 544 529 525 524 508 507 504 501 477 446 432 426 396 391 337 335 327 325 322 314 297 288 285 284 263 262 247 240 229 222 203 191 183 178 159 146 144 133 127 125 112 105 100 78 68 60 49 44 30 969 944 927 909 885 879 775 767 752 715 714 699 645 628

884 965 702 688 805 861 682 806 873 708 856 804 973 982 819 962 829 919 926 772 932 771 791 770 841 773 817

725 715 714 699 645 628 626 619 616 608 594 588 576 555 548 544 529 525 524 508 507 504 501 477 446 432 426 396 391 337 335 327 325 322 314 297 288 285 284 263 262 247 240 229 222 203 191 183 178 159 146 144 133 127 125 112 105 100 78 68 60 49 44 30 969 944 927 909 885 879 775 767 752

688 805 861 682 806 873 708 856 804 973 982 819 962 829 919 926 772 932 771 791 770 841 773 817 884 965

702 699 645 628 626 619 616 608 594 588 576 555 548 544 529 525 524 508 507 504 501 477 446 432 426 396 391 337 335 327 325 322 314 297 288 285 284 263 262 247 240 229 222 203 191 183 178 159 146 144 133 127 125 112 105 100 78 68 60 49 44 30 969 944 927 909 885 879 775 767 752 725 715 714

805 861 682 806 873 708 856 804 973 982 819 962 829 919 926 772 932 771 791 770 841 773 817 884 965

688 645 628 626 619 616 608 594 588 576 555 548 544 529 525 524 508 507 504 501 477 446 432 426 396 391 337 335 327 325 322 314 297 288 285 284 263 262 247 240 229 222 203 191 183 178 159 146 144 133 127 125 112 105 100 78 68 60 49 44 30 969 944 927 909 885 879 775 767 752 725 715 714 702 699

861 682 806 873 708 856 804 973 982 819 962 829 919 926 772 932 771 791 770 841 773 817 884 965

805 775 767 752 725 715 714 702 699 688 645 628 626 619 616 608 594 588 576 555 548 544 529 525 524 508 507 504 501 477 446 432 426 396 391 337 335 327 325 322 314 297 288 285 284 263 262 247 240 229 222 203 191 183 178 159 146 144 133 127 125 112 105 100 78 68 60 49 44 30 969 944 927 909 885 879

806 873 708 856 804 973 982 819 962 829 919 926 772 932 771 791 770 841 773 817 884 965

682 645 628 626 619 616 608 594 588 576 555 548 544 529 525 524 508 507 504 501 477 446 432 426 396 391 337 335 327 325 322 314 297 288 285 284 263 262 247 240 229 222 203 191 183 178 159 146 144 133 127 125 112 105 100 78 68 60 49 44 30 969 944 927 909 885 879 861 805 775 767 752 725 715 714 702 699 688

873 708 856 804 973 982 819 962 829 919 926 772 932 771 791 770 841 773 817 884 965

806 805 775 767 752 725 715 714 702 699 688 682 645 628 626 619 616 608 594 588 576 555 548 544 529 525 524 508 507 504 501 477 446 432 426 396 391 337 335 327 325 322 314 297 288 285 284 263 262 247 240 229 222 203 191 183 178 159 146 144 133 127 125 112 105 100 78 68 60 49 44 30 969 944 927 909 885 879 861

856 804 973 982 819 962 829 919 926 772 932 771 791 770 841 773 817 884 965

708 702 699 688 682 645 628 626 619 616 608 594 588 576 555 548 544 529 525 524 508 507 504 501 477 446 432 426 396 391 337 335 327 325 322 314 297 288 285 284 263 262 247 240 229 222 203 191 183 178 159 146 144 133 127 125 112 105 100 78 68 60 49 44 30 969 944 927 909 885 879 873 861 806 805 775 767 752 725 715 714

973 982 819 962 829 919 926 772 932 771 791 770 841 773 817 884 965

804 775 767 752 725 715 714 708 702 699 688 682 645 628 626 619 616 608 594 588 576 555 548 544 529 525 524 508 507 504 501 477 446 432 426 396 391 337 335 327 325 322 314 297 288 285 284 263 262 247 240 229 222 203 191 183 178 159 146 144 133 127 125 112 105 100 78 68 60 49 44 30 969 944 927 909 885 879 873 861 856 806 805

962 829 919 926 772 932 771 791 770 841 773 817 884 965 973 982

819 806 805 804 775 767 752 725 715 714 708 702 699 688 682 645 628 626 619 616 608 594 588 576 555 548 544 529 525 524 508 507 504 501 477 446 432 426 396 391 337 335 327 325 322 314 297 288 285 284 263 262 247 240 229 222 203 191 183 178 159 146 144 133 127 125 112 105 100 78 68 60 49 44 30 969 944 927 909 885 879 873 861 856

919 926 772 932 771 791 770 841 773 817 884 965 973 982

829 819 806 805 804 775 767 752 725 715 714 708 702 699 688 682 645 628 626 619 616 608 594 588 576 555 548 544 529 525 524 508 507 504 501 477 446 432 426 396 391 337 335 327 325 322 314 297 288 285 284 263 262 247 240 229 222 203 191 183 178 159 146 144 133 127 125 112 105 100 78 68 60 49 44 30 969 962 944 927 909 885 879 873 861 856

932 771 791 770 841 773 817 884 965 973 982 919 926

772 767 752 725 715 714 708 702 699 688 682 645 628 626 619 616 608 594 588 576 555 548 544 529 525 524 508 507 504 501 477 446 432 426 396 391 337 335 327 325 322 314 297 288 285 284 263 262 247 240 229 222 203 191 183 178 159 146 144 133 127 125 112 105 100 78 68 60 49 44 30 969 962 944 927 909 885 879 873 861 856 829 819 806 805 804 775

791 770 841 773 817 884 965 973 982 919 926

771 767 752 725 715 714 708 702 699 688 682 645 628 626 619 616 608 594 588 576 555 548 544 529 525 524 508 507 504 501 477 446 432 426 396 391 337 335 327 325 322 314 297 288 285 284 263 262 247 240 229 222 203 191 183 178 159 146 144 133 127 125 112 105 100 78 68 60 49 44 30 969 962 944 932 927 909 885 879 873 861 856 829 819 806 805 804 775 772

770 841 773 817 884 965 973 982 919 926

791 775 772 771 767 752 725 715 714 708 702 699 688 682 645 628 626 619 616 608 594 588 576 555 548 544 529 525 524 508 507 504 501 477 446 432 426 396 391 337 335 327 325 322 314 297 288 285 284 263 262 247 240 229 222 203 191 183 178 159 146 144 133 127 125 112 105 100 78 68 60 49 44 30 969 962 944 932 927 909 885 879 873 861 856 829 819 806 805 804

841 773 817 884 965 973 982 919 926

770 767 752 725 715 714 708 702 699 688 682 645 628 626 619 616 608 594 588 576 555 548 544 529 525 524 508 507 504 501 477 446 432 426 396 391 337 335 327 325 322 314 297 288 285 284 263 262 247 240 229 222 203 191 183 178 159 146 144 133 127 125 112 105 100 78 68 60 49 44 30 969 962 944 932 927 909 885 879 873 861 856 829 819 806 805 804 791 775 772 771

773 817 884 965 973 982 919 926

841 829 819 806 805 804 791 775 772 771 770 767 752 725 715 714 708 702 699 688 682 645 628 626 619 616 608 594 588 576 555 548 544 529 525 524 508 507 504 501 477 446 432 426 396 391 337 335 327 325 322 314 297 288 285 284 263 262 247 240 229 222 203 191 183 178 159 146 144 133 127 125 112 105 100 78 68 60 49 44 30 969 962 944 932 927 909 885 879 873 861 856

817 884 965 973 982 919 926

773 772 771 770 767 752 725 715 714 708 702 699 688 682 645 628 626 619 616 608 594 588 576 555 548 544 529 525 524 508 507 504 501 477 446 432 426 396 391 337 335 327 325 322 314 297 288 285 284 263 262 247 240 229 222 203 191 183 178 159 146 144 133 127 125 112 105 100 78 68 60 49 44 30 969 962 944 932 927 909 885 879 873 861 856 841 829 819 806 805 804 791 775

884 965 973 982 919 926

817 806 805 804 791 775 773 772 771 770 767 752 725 715 714 708 702 699 688 682 645 628 626 619 616 608 594 588 576 555 548 544 529 525 524 508 507 504 501 477 446 432 426 396 391 337 335 327 325 322 314 297 288 285 284 263 262 247 240 229 222 203 191 183 178 159 146 144 133 127 125 112 105 100 78 68 60 49 44 30 969 962 944 932 927 909 885 879 873 861 856 841 829 819

965 973 982 919 926

884 879 873 861 856 841 829 819 817 806 805 804 791 775 773 772 771 770 767 752 725 715 714 708 702 699 688 682 645 628 626 619 616 608 594 588 576 555 548 544 529 525 524 508 507 504 501 477 446 432 426 396 391 337 335 327 325 322 314 297 288 285 284 263 262 247 240 229 222 203 191 183 178 159 146 144 133 127 125 112 105 100 78 68 60 49 44 30 969 962 944 932 927 909 885

973 982 919 926

965 962 944 932 927 909 885 884 879 873 861 856 841 829 819 817 806 805 804 791 775 773 772 771 770 767 752 725 715 714 708 702 699 688 682 645 628 626 619 616 608 594 588 576 555 548 544 529 525 524 508 507 504 501 477 446 432 426 396 391 337 335 327 325 322 314 297 288 285 284 263 262 247 240 229 222 203 191 183 178 159 146 144 133 127 125 112 105 100 78 68 60 49 44 30 969

982 919 926

973 969 965 962 944 932 927 909 885 884 879 873 861 856 841 829 819 817 806 805 804 791 775 773 772 771 770 767 752 725 715 714 708 702 699 688 682 645 628 626 619 616 608 594 588 576 555 548 544 529 525 524 508 507 504 501 477 446 432 426 396 391 337 335 327 325 322 314 297 288 285 284 263 262 247 240 229 222 203 191 183 178 159 146 144 133 127 125 112 105 100 78 68 60 49 44 30

926

919 909 885 884 879 873 861 856 841 829 819 817 806 805 804 791 775 773 772 771 770 767 752 725 715 714 708 702 699 688 682 645 628 626 619 616 608 594 588 576 555 548 544 529 525 524 508 507 504 501 477 446 432 426 396 391 337 335 327 325 322 314 297 288 285 284 263 262 247 240 229 222 203 191 183 178 159 146 144 133 127 125 112 105 100 78 68 60 49 44 30 982 973 969 965 962 944 932 927

direction:
15
p:
159
direction:
4
p:
159
direction:
0
p:
159
direction:
0
p:
159
direction:
2
p:
159
direction:
0
p:
159
direction:
1
p:
159
direction:
10
p:
159
direction:
44
p:
159
direction:
1
p:
159
direction:
17
p:
159
direction:
4
p:
288
direction:
8
p:
288
direction:
2
p:
288
direction:
16
p:
288
direction:
15
p:
288
direction:
0
p:
288
direction:
8
p:
288
direction:
3
p:
288
direction:
1
p:
288
direction:
14
p:
288
direction:
5
p:
288
direction:
3
p:
288
direction:
6
p:
288
direction:
4
p:
288
direction:
-29
p:
501
direction:
0
p:
501
direction:
6
p:
501
direction:
30
p:
501
direction:
10
p:
501
direction:
16
p:
501
direction:
6
p:
501
direction:
0
p:
501
direction:
1
p:
501
direction:
3
p:
501
direction:
0
p:
501
direction:
0
p:
501
direction:
3
p:
616
direction:
2
p:
616
direction:
0
p:
616
direction:
2
p:
616
direction:
2
p:
616
direction:
5
p:
616
direction:
11
p:
616
direction:
0
p:
616
direction:
2
p:
616
direction:
0
p:
616
direction:
15
p:
767
direction:
0
p:
767
direction:
0
p:
767
direction:
10
p:
767
direction:
2
p:
767
direction:
4
p:
767
direction:
2
p:
767
direction:
0
p:
767
direction:
0
p:
767
direction:
1
p:
767
direction:
6
p:
767
direction:
-5
p:
856
direction:
0
p:
856
direction:
-5
p:
856
direction:
0
p:
856
direction:
0
p:
856
direction:
1
p:
856
direction:
0
p:
856
direction:
1
p:
856
direction:
0
p:
856
direction:
2
p:
856
direction:
5
p:
973
direction:
4
p:
973
direction:
3
p:
973
direction:
2
p:
973
direction:
1
p:
973
direction:
0
p:
973
direction:
1
p:
973
direction:
0
p:
973
direction:
0
p:
973
